Search query: Jessica M. Esparza
Year,Count
2016,2
2015,1
2013,1
2009,1
2005,1
Search query: Yan Zhang
Year,Count
2022,346
2021,1668
2020,1517
2019,1249
2018,1104
2017,1001
2016,925
2015,848
2014,762
2013,628
2012,556
2011,505
2010,392
2009,339
2008,286
2007,221
2006,173
2005,158
2004,91
2003,75
2002,77
1999,1
1995,1
Search query: Chao-Bin Yeh
Year,Count
2022,1
2021,8
2020,5
2019,9
2018,9
2017,13
2016,6
2015,7
2014,6
2013,6
2012,6
2011,3
2010,2
Search query: Zhongpu Chen
Year,Count
2021,2
2020,3
2019,3
2018,5
2017,1
2016,1
2014,1
2013,4
Search query: Akrem Abdulsid
Year,Count
2018,1
2014,2
2013,4
Search query: Fang Liu
Year,Count
2022,114
2021,631
2020,547
2019,466
2018,441
2017,380
2016,352
2015,370
2014,287
2013,239
2012,219
2011,190
2010,143
2009,114
2008,108
2007,73
2006,75
2005,76
2004,53
2003,36
2002,22
1997,1
1996,2
Search query: Jagannath Misra
Year,Count
2022,1
2021,2
2019,1
2017,1
2016,1
2014,1
2013,2
2011,1
Search query: Trent Fowler
Year,Count
2015,3
2014,2
2013,1
2011,1
2005,1
2003,1
Search query: Mojca Jez
Year,Count
2022,1
2021,1
2020,1
2018,1
2017,2
2015,2
2014,1
2013,1
2012,1
Search query: Zhenni Zhang
Year,Count
2021,4
2019,4
2018,3
2017,1
2016,7
2015,4
2014,3
2012,1
2011,1
2006,2
2004,2
2003,1
Search query: Christophe Broca
Year,Count
2020,4
2019,2
2018,1
2014,2
2010,1
2009,3
2008,1
2006,1
2005,3
2004,4
2003,1
Search query: Sylwia Flis
Year,Count
2021,1
2020,1
2019,2
2018,1
2017,1
2014,1
2013,3
2012,2
2010,1
2009,4
Search query: Sreedevi Avasarala
Year,Count
2020,2
2019,1
2018,1
2017,2
2015,3
2014,2
2013,4
2012,1
2009,1
2006,1
Search query: Takaharu Nakayoshi
Year,Count
2021,1
2020,4
2019,3
2018,3
2017,3
2016,5
2015,4
2014,1
2013,1
2012,3
2011,2
2010,1
2004,1
Search query: Yuri Churin
Year,Count
2021,2
2020,4
2019,2
2017,1
2016,2
2015,3
2014,2
2013,1
2012,2
2011,2
2010,3
2009,1
2006,2
2005,1
2003,2
2002,1
Search query: Chuan Li
Year,Count
2022,17
2021,98
2020,74
2019,89
2018,54
2017,66
2016,67
2015,61
2014,59
2013,59
2012,48
2011,25
2010,20
2009,18
2008,19
2007,17
2006,9
2005,11
2004,10
2003,9
2002,5
1999,1
1997,1
Search query: Gail Doughton
Year,Count
2021,1
2015,1
2014,2
2012,1
Search query: Liliana O. Rocha
Year,Count
2021,2
2020,3
2019,5
2018,1
2017,2
2016,2
2015,3
2014,1
2009,1
Search query: Prabuddha Dey
Year,Count
2020,2
2019,1
2018,1
2017,1
2016,1
2015,2
2014,3
2013,2
2011,1
2010,1
2007,1
Search query: Xiaomei Ge
Year,Count
2018,3
2017,1
2014,1
2013,2
2012,2
2011,2
2009,1
2008,1
2007,2
2004,1
Search query: Xudong Shi
Year,Count
2022,1
2021,9
2020,8
2019,6
2018,6
2017,8
2016,5
2015,3
2014,5
2013,6
2012,6
2011,2
2010,1
2009,1
2008,1
2007,3
2006,1
2004,1
2003,1
2002,1
Search query: Yushen Jiang
Year,Count
2021,1
2020,1
2019,1
2015,1
2014,1
Search query: Ambrish Kumar
Year,Count
2022,1
2021,9
2020,2
2019,3
2018,1
2017,1
2016,4
2015,3
2014,3
2013,3
2012,6
2011,2
2010,2
2008,1
2007,1
2005,3
Search query: Rounak Nassirpour
Year,Count
2021,1
2016,3
2015,1
2014,1
2013,2
2010,2
2007,2
2003,1
2002,2
Search query: Bo Gao
Year,Count
2022,25
2021,134
2020,107
2019,113
2018,95
2017,82
2016,83
2015,78
2014,86
2013,71
2012,54
2011,37
2010,36
2009,25
2008,36
2007,18
2006,16
2005,15
2004,10
2003,8
2002,5
1999,1
1995,1
1986,1
Search query: Yang Liu
Year,Count
2022,501
2021,2421
2020,2172
2019,1790
2018,1459
2017,1213
2016,1097
2015,1020
2014,907
2013,676
2012,551
2011,411
2010,317
2009,234
2008,188
2007,164
2006,147
2005,106
2004,78
2003,55
2002,40
1998,1
1997,1
1996,1
Search query: Manasa K. Nayak
Year,Count
2022,1
2021,3
2020,3
2019,3
2018,2
2017,1
2016,3
2015,2
2014,2
2013,2
2012,1
2011,6
2010,1
Search query: Wasia Rizwani
Year,Count
2015,2
2014,2
2012,2
2011,2
2009,4
2005,1
Search query: Shiuan Wang
Year,Count
2018,1
2015,2
2014,2
2011,2
2010,1
Search query: Apiruck Watthanasurorot
Year,Count
2016,3
2015,3
2014,1
2013,3
2012,1
2011,3
2010,2
Search query: Dawn E. Watkins-Chow
Year,Count
2022,1
2021,2
2020,1
2019,3
2018,2
2017,4
2015,4
2014,2
2013,3
2012,1
2010,1
2009,1
2008,3
2007,1
Search query: Erica P. Homan
Year,Count
2021,1
2019,1
2018,1
2017,1
2016,3
2015,1
2014,3
2011,1
2010,1
2007,1
Search query: Natalia Lopez-del Hoyo
Year,Count
2014,1
2012,1
Search query: Cathleen D. Valentine
Year,Count
2016,1
2014,1
2013,2
2012,2
2011,2
2008,1
2007,2
2006,1
Search query: Jianuo Liu
Year,Count
2021,1
2018,1
2017,5
2016,5
2014,1
2013,4
2012,1
2011,5
2010,5
2009,3
2008,6
2007,3
2006,1
2005,1
2004,1
2003,1
2002,1
Search query: Shipan Dai
Year,Count
2016,1
2013,1
2012,2
2011,2
2010,3
2009,1
2008,3
2007,2
2005,1
2004,2
2002,1
Search query: Vicente Ramrez
Year,Count
2022,2
2021,4
2020,3
2019,2
2018,5
2017,3
2016,2
2015,1
2013,2
2011,4
2010,1
2009,1
2005,2
Search query: Haitao Wei
Year,Count
2022,1
2021,5
2020,3
2019,3
2018,2
2017,3
2016,2
2015,2
2014,7
2013,1
2012,1
2010,1
2009,3
2008,1
Search query: Meleri Jones
Year,Count
2022,2
2021,6
2020,9
2019,2
2018,1
2017,2
2015,1
2014,2
2013,1
2009,2
2008,2
2005,2
2004,2
Search query: Miti Jearaphunt
Year,Count
2021,1
2016,1
2015,1
2014,1
Search query: Niyas Kudukkil Pulloor
Year,Count
2017,2
2015,1
2014,1
Search query: Verity G. Kew
Year,Count
2018,1
2014,2
2012,1
Search query: Michelle Khai Khun Yap
Year,Count
2021,1
2020,2
2019,2
2018,2
2017,1
2016,1
2015,3
2014,2
2013,1
Search query: Jianming Chen
Year,Count
2022,9
2021,37
2020,31
2019,24
2018,25
2017,17
2016,16
2015,12
2014,22
2013,20
2012,19
2011,18
2010,12
2009,18
2008,21
2007,13
2006,8
2005,2
2004,9
2003,5
2002,3
Search query: Doblin Sandai
Year,Count
2021,4
2020,1
2019,2
2018,1
2017,3
2016,7
2015,5
2014,4
2012,2
Search query: Yang Wang
Year,Count
2022,186
2021,935
2020,873
2019,701
2018,614
2017,522
2016,448
2015,438
2014,430
2013,347
2012,318
2011,236
2010,161
2009,143
2008,87
2007,94
2006,75
2005,67
2004,39
2003,37
2002,23
2000,1
1993,1
Search query: Anusha M. Gopalakrishnan
Year,Count
2018,1
2017,1
2015,3
2014,1
2013,2
2010,2
2009,1
2008,1
2007,2
Search query: Christopher W. Cutler
Year,Count
2021,7
2020,6
2019,7
2018,8
2017,4
2016,2
2015,8
2014,3
2013,3
2012,1
2010,4
2009,1
2008,1
2007,2
2006,1
2005,2
2004,2
2003,4
Search query: Brenda A. Wilson
Year,Count
2021,4
2020,1
2019,4
2018,6
2017,2
2016,5
2015,6
2014,8
2013,13
2012,5
2011,6
2010,7
2009,4
2008,6
2007,2
2006,1
2005,1
2004,1
2003,1
2002,2
Search query: S. Jeyaseelan
Year,Count
2022,2
2021,12
2020,8
2019,8
2018,10
2017,9
2016,10
2015,18
2014,11
2013,6
2012,12
2011,3
2010,4
2009,2
2008,4
2007,1
2006,1
2005,4
2004,3
2001,1
2000,1
1999,2
1998,2
1997,5
1996,1
1995,1
1994,4
1992,1
1984,1
1981,1
Search query: S. Jeyaseelan
Year,Count
2022,2
2021,12
2020,8
2019,8
2018,10
2017,9
2016,10
2015,18
2014,11
2013,6
2012,12
2011,3
2010,4
2009,2
2008,4
2007,1
2006,1
2005,4
2004,3
2001,1
2000,1
1999,2
1998,2
1997,5
1996,1
1995,1
1994,4
1992,1
1984,1
1981,1
Search query: Nobuo Okahashi
Year,Count
2022,1
2020,1
2019,1
2018,1
2017,2
2016,1
2014,2
2013,2
2011,4
2010,2
2009,1
2008,1
2006,1
2005,2
2004,3
2003,5
2002,1
Search query: Stephanie Dahan
Year,Count
2018,1
2017,1
2016,1
2014,3
2013,1
2012,2
2011,1
2010,2
2009,3
2008,1
2007,2
2006,2
2003,1
2002,1
Search query: Laura W. Schrum
Year,Count
2021,1
2019,1
2018,2
2017,3
2016,6
2015,5
2014,2
2013,2
2012,5
2011,12
2010,3
2009,3
2008,2
2006,1
2005,3
2004,2
2003,2
2002,3
Search query: Sen Rong Yan
Year,Count
2013,1
2007,1
2006,1
2005,2
2004,3
2003,1
2002,1
Search query: Peter L. W. Yun
Year,Count
2006,1
2005,2
2002,1
Search query: Elizabeth Ngoc Hoa Tran
Year,Count
2022,1
2020,3
2019,1
2016,2
2015,3
2014,2
2013,2
2012,1
Search query: Samithamby Jeyaseelan
Year,Count
2021,6
2020,5
2019,2
2018,3
2017,3
2016,2
2015,1
2014,3
2013,1
2012,7
2011,3
2010,5
2009,7
2008,4
2007,2
2006,2
2005,5
2004,2
2002,3
Search query: Ellen J. Beswick
Year,Count
2021,6
2020,8
2019,3
2018,3
2017,1
2016,4
2015,3
2014,5
2013,2
2012,1
2011,2
2010,1
2009,1
2008,2
2007,3
2006,7
2005,3
2003,1
Search query: Catherine J. Hunter
Year,Count
2022,3
2021,6
2020,4
2019,8
2018,9
2017,9
2016,5
2015,3
2014,4
2013,2
2012,3
2011,1
2009,4
2008,8
2007,2
2006,1
Search query: Suleyman Felek
Year,Count
2017,1
2016,1
2015,1
2014,1
2013,1
2011,3
2010,4
2009,2
2008,2
2007,1
2004,2
2003,2
2002,2
Search query: Paola Massari
Year,Count
2021,1
2020,3
2019,2
2018,1
2017,2
2016,2
2015,4
2014,3
2013,6
2012,7
2011,2
2010,4
2009,1
2008,1
2007,1
2006,1
2005,2
2003,2
2002,1
Search query: Min-Hee Cho
Year,Count
2020,1
2015,2
2013,1
2012,4
2011,1
2010,2
2009,2
2004,1
Search query: Yuan Du
Year,Count
2022,2
2021,21
2020,23
2019,12
2018,12
2017,15
2016,8
2015,7
2014,5
2013,10
2012,6
2011,7
2010,5
2009,1
2007,3
2006,6
2005,2
Search query: Eva Hervet
Year,Count
2015,2
2011,1
Search query: Asim A. Siddiqui
Year,Count
2020,1
2019,2
2018,3
2017,1
2016,3
2015,4
2014,2
2012,1
2008,1
2007,2
2006,3
Search query: Balamayooran Theivanthiran
Year,Count
2021,1
2018,1
2016,1
2015,2
2012,2
2011,2
2010,1
Search query: Fabio Sallustio
Year,Count
2021,10
2020,1
2019,10
2018,5
2017,1
2016,8
2015,9
2014,4
2013,3
2012,3
2011,1
2010,2
2009,2
2008,1
2006,1
Search query: Javier Santander
Year,Count
2022,2
2021,5
2020,6
2019,6
2018,3
2017,5
2016,4
2015,3
2014,4
2013,3
2012,4
2011,1
2010,3
2008,1
2007,1
2006,1
Search query: Kaitlyn Morse
Year,Count
2018,1
2017,2
2012,2
2011,1
2010,1
Search query: Wael Abdel Halim Hegazy
Year,Count
2020,2
2019,1
2017,1
2016,1
2015,1
2012,2
Search query: Yun Sun
Year,Count
2022,20
2021,114
2020,90
2019,76
2018,70
2017,60
2016,39
2015,48
2014,47
2013,42
2012,25
2011,25
2010,23
2009,11
2008,5
2007,8
2006,18
2005,8
2004,7
2003,2
2002,3
Search query: Carlos J. Blondel
Year,Count
2021,1
2020,2
2019,3
2018,3
2016,2
2015,1
2014,2
2013,2
2012,2
2011,3
2010,2
2009,1
2008,1
2007,1
Search query: Kelei Zhao
Year,Count
2021,4
2020,7
2019,11
2018,8
2017,4
2016,2
2015,4
2014,4
2013,3
2011,1
Search query: Whitney M. Amyot
Year,Count
2013,1
2011,1
2010,1
Search query: Xianqiong Zou
Year,Count
2021,1
2020,2
2019,2
2018,4
2017,1
2016,1
2015,3
2014,1
2013,3
2011,2
2010,1
2008,1
2007,1
2005,6
2004,4
2003,2
Search query: Xiucai Xu
Year,Count
2022,1
2021,2
2020,1
2019,2
2018,3
2017,2
2015,4
2014,4
2013,5
2012,5
2011,2
2010,2
2009,1
2008,1
2007,3
2006,2
2005,2
2002,1
Search query: Jiale Ma
Year,Count
2022,3
2021,14
2020,7
2019,12
2018,13
2017,10
2016,2
2015,6
2014,3
2013,2
Search query: Jia Ma
Year,Count
2022,7
2021,33
2020,36
2019,26
2018,21
2017,9
2016,14
2015,21
2014,11
2013,13
2012,7
2011,6
2010,5
2009,5
2008,7
2007,3
2006,3
2005,3
2004,2
2002,1
Search query: N. Zhi
Year,Count
2022,77
2021,564
2020,560
2019,536
2018,604
2017,641
2016,691
2015,785
2014,925
2013,898
2012,861
2011,784
2010,777
2009,702
2008,653
2007,576
2006,585
2005,490
2004,346
2003,313
2002,222
2001,171
2000,154
1999,136
1998,145
1997,105
1996,69
1995,88
1994,69
1993,77
1992,85
1991,80
1990,66
1989,73
1988,14
1987,19
1986,17
1985,8
1984,6
1983,4
1982,5
1981,2
1980,2
1979,5
1977,1
1976,2
1975,1
1974,1
1973,2
1972,1
1971,2
1970,1
1969,1
1968,1
1967,1
1966,1
1965,2
1961,2
Search query: Michael Waters
Year,Count
2022,4
2021,17
2020,25
2019,11
2018,15
2017,9
2016,12
2015,17
2014,16
2013,23
2012,18
2011,19
2010,15
2009,9
2008,10
2007,13
2006,8
2005,10
2004,14
2003,10
2002,8
1993,1
Search query: Sou-Ichi Makino
Year,Count
2019,1
2016,1
2015,1
2014,1
2013,1
2012,2
2011,5
2010,3
2009,3
2008,1
2007,5
2006,5
2005,5
2004,6
2003,7
2002,13
1999,1
Search query: Chung-ming Chu
Year,Count
2019,3
2018,2
2017,1
2016,3
2015,1
2014,1
2013,1
2012,1
2011,1
2010,5
2009,2
2008,1
2007,2
2006,5
2005,5
2004,5
2002,1
Search query: Patrick C. Y. Woo
Year,Count
2022,4
2021,19
2020,13
2019,30
2018,28
2017,25
2016,39
2015,34
2014,34
2013,25
2012,28
2011,23
2010,23
2009,19
2008,11
2007,23
2006,15
2005,21
2004,19
2003,16
2002,13
2001,1
Search query: Wulamu Mamuti
Year,Count
2018,1
2014,1
2013,1
2011,1
2010,1
2009,1
2007,1
2006,4
2005,3
2004,2
2003,4
2002,3
Search query: Jean-Philippe Lavigne
Year,Count
2021,29
2020,16
2019,18
2018,17
2017,21
2016,19
2015,18
2014,8
2013,9
2012,8
2011,9
2010,6
2009,3
2008,7
2007,4
2006,2
2005,6
2004,2
2003,1
2002,1
Search query: Michael Waters
Year,Count
2022,4
2021,17
2020,25
2019,11
2018,15
2017,9
2016,12
2015,17
2014,16
2013,23
2012,18
2011,19
2010,15
2009,9
2008,10
2007,13
2006,8
2005,10
2004,14
2003,10
2002,8
1993,1
Search query: Ana Mena
Year,Count
2021,1
2020,3
2019,2
2018,1
2017,2
2013,1
2012,3
2010,4
2009,4
2008,1
2007,2
2006,2
2002,1
Search query: Henry E. Cerny
Year,Count
2015,1
2014,1
2006,1
Search query: Yael Friedman-Levi
Year,Count
2021,2
2020,1
2018,2
2017,3
2015,3
2014,2
2013,1
2012,2
2011,2
2009,1
2008,1
2007,1
2006,1
Search query: Suharni Mohamad
Year,Count
2021,4
2020,4
2019,2
2018,1
2017,1
2014,1
2012,1
2009,1
2005,1
Search query: Adis Tasanarong
Year,Count
2022,1
2021,4
2020,2
2017,1
2016,2
2015,1
2014,4
2013,5
2012,1
2011,2
2009,2
2007,1
2006,1
2005,1
2003,1
2002,1
Search query: Anahita Rahmani
Year,Count
2017,1
2015,1
2013,2
Search query: Gurbet Celik
Year,Count
2016,3
2015,2
2014,1
2013,2
Search query: Young-Man Lee
Year,Count
2020,2
2018,1
2016,4
2015,2
2014,3
2013,6
2012,6
2011,3
2010,4
2009,3
2008,2
2003,2
1982,1
Search query: Chih-Zen Chang
Year,Count
2017,1
2016,3
2015,9
2014,4
2013,1
2012,1
2011,2
2010,4
2007,2
2004,1
2002,3
Search query: Jaeson Santos Calla-Choque
Year,Count
2021,1
2019,1
2017,1
2016,1
2014,1
Search query: Li Han
Year,Count
2022,55
2021,290
2020,244
2019,164
2018,145
2017,124
2016,117
2015,115
2014,104
2013,69
2012,58
2011,40
2010,40
2009,32
2008,37
2007,27
2006,19
2005,16
2004,14
2003,4
2002,15
Search query: Silvana Lorena Della Penna
Year,Count
2017,1
2016,1
2014,1
2011,1
Search query: Mao-Lin Ho
Year,Count
2015,1
2011,1
2010,1
2003,1
Search query: Ying-Yi Chen
Year,Count
2022,3
2021,11
2020,10
2019,5
2018,6
2017,1
2016,4
2015,3
2014,9
2013,5
2012,5
2011,2
2010,2
2009,1
2007,1
Search query: Chih-Yu Peng
Year,Count
2022,2
2021,7
2020,4
2019,2
2018,6
2017,6
2016,6
2015,3
2014,1
2013,1
2012,2
2010,1
2007,1
Search query: Chiung-Chyi Shen
Year,Count
2022,1
2021,11
2020,5
2019,2
2018,5
2017,2
2016,3
2015,5
2014,7
2013,10
2012,4
2011,11
2010,7
2009,1
2008,7
2007,4
2006,3
2005,4
2004,3
2002,2
Search query: Li Li
Year,Count
2022,305
2021,1522
2020,1355
2019,1113
2018,1012
2017,897
2016,827
2015,856
2014,755
2013,699
2012,559
2011,533
2010,437
2009,351
2008,296
2007,289
2006,194
2005,177
2004,125
2003,124
2002,123
2001,2
2000,4
1999,3
1998,4
1997,2
1996,1
1991,1
1980,1
1978,1
1976,2
1975,1
1962,1
1958,1
Search query: Nabilatul Hani Mohd-Radzman
Year,Count
2016,1
2013,2
Search query: Zhiqiang Wang
Year,Count
2022,38
2021,194
2020,144
2019,113
2018,123
2017,118
2016,129
2015,118
2014,94
2013,92
2012,76
2011,55
2010,70
2009,59
2008,48
2007,39
2006,26
2005,20
2004,25
2003,27
2002,13
1999,1
1998,1
Search query: Ya-min Zhang
Year,Count
2022,2
2021,5
2020,2
2019,4
2018,2
2017,2
2016,4
2015,6
2014,4
2012,3
2011,1
2009,2
2008,1
2007,3
2006,1
Search query: Lilian Amrein
Year,Count
2020,1
2018,1
2017,1
2015,1
2013,3
2012,3
2011,5
2010,3
2009,1
2008,1
2007,2
2005,1
2002,1
Search query: Gong Yang
Year,Count
2022,3
2021,22
2020,20
2019,37
2018,34
2017,33
2016,31
2015,34
2014,43
2013,39
2012,26
2011,23
2010,26
2009,29
2008,17
2007,17
2006,17
2005,13
2004,9
2003,5
2002,4
Search query: Sujit K. Bhutia
Year,Count
2022,3
2021,24
2020,20
2019,19
2018,11
2017,10
2016,8
2015,7
2014,10
2013,7
2012,7
2011,5
2010,9
2009,4
2008,6
2007,2
2006,1
Search query: Upal K. Basu Roy
Year,Count
2021,1
2020,1
2013,1
2008,2
2006,1
Search query: Teresa Lorenzi
Year,Count
2021,1
2020,1
2019,1
2018,2
2017,2
2016,2
2014,2
2013,3
2012,6
2011,3
2010,1
2009,2
Search query: Jing Huang
Year,Count
2022,61
2021,346
2020,310
2019,226
2018,229
2017,189
2016,164
2015,141
2014,142
2013,126
2012,115
2011,94
2010,86
2009,50
2008,59
2007,40
2006,27
2005,25
2004,25
2003,10
2002,8
Search query: Emanuela Rosati
Year,Count
2021,3
2019,1
2018,5
2016,1
2015,2
2014,1
2013,5
2012,3
2011,2
2010,2
2009,3
2008,1
2005,1
2004,2
2003,1
2002,1
Search query: Gayathri Chadalapaka
Year,Count
2015,1
2014,2
2013,1
2012,6
2011,4
2010,6
2009,3
2008,2
2007,1
Search query: Baoyi Zhu
Year,Count
2022,4
2021,6
2020,3
2019,1
2018,3
2017,4
2016,2
2015,3
2014,2
2013,1
2012,3
2011,2
Search query: Jing Hu
Year,Count
2022,42
2021,223
2020,214
2019,149
2018,118
2017,102
2016,129
2015,111
2014,104
2013,79
2012,86
2011,68
2010,58
2009,43
2008,34
2007,28
2006,24
2005,23
2004,7
2003,18
2002,19
Search query: R. van Gelderen
Year,Count
2022,1
2021,3
2020,4
2019,1
2018,3
2017,3
2016,3
2014,1
2013,1
2012,1
2011,3
2009,2
2008,1
2007,1
1996,1
1995,1
1994,1
1992,1
1983,1
Search query: Robert P. Ryan
Year,Count
2018,2
2017,1
2016,4
2015,7
2014,7
2013,12
2012,11
2011,12
2010,7
2009,7
2008,9
2007,5
2006,5
2005,1
Search query: Laurent Guillon
Year,Count
2021,2
2020,1
2019,1
2016,2
2015,2
2014,3
2013,5
2012,3
2011,2
2010,1
2009,1
2007,1
2006,1
2005,1
2003,1
Search query: Lei-Chin Chen
Year,Count
2021,1
2020,1
2019,2
2017,1
2015,2
2014,2
2013,4
2012,2
2011,4
2006,1
2005,2
2004,2
2003,1
2002,1
Search query: Isao Hara
Year,Count
2022,3
2021,16
2020,13
2019,4
2018,12
2017,16
2016,10
2015,6
2014,15
2013,13
2012,8
2011,12
2010,6
2009,17
2008,12
2007,30
2006,32
2005,35
2004,32
2003,12
2002,22
Search query: Noritoshi Kitamoto
Year,Count
2019,1
2017,4
2016,6
2015,3
2014,6
2012,3
2011,1
2010,1
2009,4
2008,3
2006,1
2005,5
2004,1
2003,2
2002,2
Search query: Kotla Siva Reddy
Year,Count
2019,3
2010,1
Search query: H.Liu
Year,Count
2022,3
2021,31
2020,19
2019,23
2018,14
2017,8
2016,10
2015,4
2014,9
2013,10
2012,2
2011,5
2010,3
2009,1
2008,1
2007,2
2006,5
2005,3
2004,2
2003,2
2002,1
2001,3
1999,2
1998,3
1994,2
Search query: Sandrine Koechler
Year,Count
2021,2
2020,4
2019,1
2018,2
2017,2
2016,1
2015,4
2013,3
2011,2
2010,3
2009,1
2008,1
2007,1
2006,2
2005,1
Search query: Scarlett R Holdsworth
Year,Count
2017,1
2014,1
2013,2
2012,2
Search query: Daniel C Kraushaar
Year,Count
2021,1
2018,1
2016,1
2015,1
2014,1
2013,3
2012,1
2010,1
2009,1
Search query: Arumugam Nagalingam
Year,Count
2021,3
2020,1
2019,1
2017,4
2016,1
2015,2
2014,2
2013,1
2012,2
2011,2
2010,3
2008,1
2006,1
2005,2
Search query: Ingunn Holen
Year,Count
2021,5
2020,4
2019,5
2018,4
2017,4
2016,9
2015,8
2014,7
2013,3
2012,3
2011,3
2010,8
2009,4
2008,5
2007,3
2006,4
2005,4
2004,2
2002,1
Search query: Meiou Dai
Year,Count
2021,4
2020,1
2018,3
2017,4
2016,1
2014,1
2013,2
2012,2
2008,1
2007,1
Search query: Yi Fang Lee
Year,Count
2021,9
2020,4
2019,2
2018,3
2017,4
2016,1
2015,1
2014,1
2013,1
2012,3
2008,4
2007,3
2006,1
Search query: Meiou Dai
Year,Count
2021,4
2020,1
2018,3
2017,4
2016,1
2014,1
2013,2
2012,2
2008,1
2007,1
Search query: Zhaojia Wu
Year,Count
2022,1
2021,4
2020,1
2019,1
2018,1
2017,1
2015,1
2014,1
2012,1
2011,1
2010,1
Search query: Alexandr V. Bazhin
Year,Count
2022,3
2021,16
2020,11
2019,11
2018,10
2017,6
2016,7
2015,8
2014,10
2013,6
2012,6
2011,4
2010,4
2009,5
2008,1
2007,3
2006,1
2005,1
2004,2
2003,1
Search query: Marina S. Savchenko
Year,Count
2017,1
2012,1
2011,1
2004,2
2003,1
Search query: Stephana Carelli
Year,Count
2022,3
2021,17
2020,8
2019,5
2018,3
2017,3
2016,5
2015,4
2014,4
2013,2
2012,2
2011,3
2010,1
2009,1
2008,1
2007,2
2006,2
2005,2
Search query: Katherine M. Finan
Year,Count
2016,1
2006,1
Search query: Kang Fang
Year,Count
2022,1
2021,9
2020,8
2019,5
2018,10
2017,7
2016,5
2015,8
2014,2
2013,3
2012,1
2011,1
2010,1
2009,2
2008,1
2007,1
2005,1
2004,1
2002,2
Search query: Shun-Dong Dai
Year,Count
2021,2
2019,1
2018,1
2016,1
2015,2
2014,3
2013,3
2012,7
2011,4
2010,7
2009,6
2008,1
2007,4
2006,2
Search query: Kazutoshi Komiya
Year,Count
2020,2
2019,3
2018,10
2017,4
2016,4
2014,1
2013,2
2012,1
2011,3
2010,2
2009,2
2008,3
2007,1
2006,1
Search query: Hakan Akca
Year,Count
2022,2
2021,2
2020,2
2019,7
2018,2
2017,3
2016,3
2015,1
2014,2
2013,5
2012,4
2011,1
2006,2
2005,1
2004,1
2003,2
2002,1
Search query: Norimitsu Tanaka
Year,Count
2022,1
2021,3
2020,4
2019,3
2018,8
2017,8
2016,4
2014,4
2013,6
2012,9
2011,8
2010,3
2008,2
2007,1
2006,3
2005,1
2004,3
2002,1
Search query: Dusanka S. Skundric
Year,Count
2020,1
2018,2
2015,3
2008,1
2006,1
2005,3
2003,3
2002,1
Search query: Pascale Gerbaud
Year,Count
2021,1
2020,1
2019,3
2018,2
2017,2
2016,1
2015,2
2014,1
2011,3
2010,1
2009,1
2008,1
2007,2
2005,1
2004,1
Search query: M. Sisto
Year,Count
2021,4
2020,4
2019,1
2018,1
2017,2
2016,1
2015,1
2014,2
2013,3
2012,3
2011,5
2010,4
2009,4
2007,2
2006,2
2004,2
2001,3
1998,1
1995,1
1992,2
1990,1
1986,1
1983,1
Search query: Itshak Golan
Year,Count
2009,1
2007,3
2003,1
2002,1
Search query: Xiaoyan Xiao
Year,Count
2022,1
2021,4
2020,4
2019,3
2018,1
2017,6
2016,6
2015,7
2014,4
2012,4
2011,3
2010,2
2009,6
2008,2
Search query: Dana Ben-Ami Shor
Year,Count
2021,1
2019,4
2018,4
2017,2
2016,6
2015,7
2014,4
2013,2
2012,2
2009,3
2007,1
Search query: Sawsan I. Kreydiyyeh
Year,Count
2018,1
2017,1
2016,1
2015,2
2014,2
2013,2
2012,1
2011,2
2010,4
2009,1
2008,2
2007,3
2006,3
2005,1
2004,3
2003,2
2002,3
Search query: Ji-Yong Zhou
Year,Count
2020,2
2019,3
2017,3
2016,3
2014,2
2012,4
2010,1
2009,4
2008,4
2007,3
2006,4
2005,6
2004,2
2003,2
Search query: Sarine Markossian
Year,Count
2021,4
2020,1
2018,2
2017,1
2016,1
2015,1
2014,1
2010,1
2006,2
2005,1
2003,1
Search query: Hwa-Jeong Lee
Year,Count
2022,2
2021,7
2020,6
2019,8
2018,5
2017,10
2016,8
2015,10
2014,8
2013,11
2012,12
2011,14
2010,9
2009,9
2008,10
2007,10
2006,10
2005,5
2004,1
2003,2
2002,5
Search query: Maria de Lujan Alvarez
Year,Count
2021,3
2020,3
2019,1
2018,3
2017,2
2016,1
2015,1
2014,2
2013,1
2011,1
2010,1
2009,2
2007,4
2006,2
2004,4
2002,1
Search query: Marilena Galdiero
Year,Count
2022,3
2021,11
2020,14
2019,3
2018,2
2017,3
2016,2
2015,1
2014,1
2012,3
2011,2
2010,1
2009,3
2008,2
2006,1
2005,4
2004,2
2001,1
1997,1
Search query: Sawsan Ibrahim Kreydiyyeh
Year,Count
2017,1
2016,1
2015,2
2014,2
2013,2
2012,1
2011,1
2010,3
2009,1
2008,2
2007,3
2006,3
2005,1
2004,1
2003,2
2002,3
Search query: Deok-Ho Song
Year,Count
2007,1
2005,1
Search query: Chung-Hsi Hsing
Year,Count
2022,2
2021,9
2020,2
2019,1
2018,3
2017,6
2016,8
2015,10
2014,12
2013,14
2012,12
2011,5
2010,2
2009,1
2008,3
2007,1
2006,4
2005,1
2002,2
Search query: M. Hyzdalov
Year,Count
2022,20581
2021,118007
2020,108479
2019,93055
2018,85421
2017,76962
2016,74225
2015,71738
2014,66147
2013,55463
2012,52320
2011,48985
2010,44803
2009,41759
2008,40006
2007,37597
2006,34984
2005,32899
2004,29705
2003,29384
2002,27430
2001,25867
2000,24135
1999,20342
1998,18992
1997,18184
1996,18327
1995,17436
1994,17378
1993,17258
1992,16965
1991,15561
1990,15493
1989,14939
1988,13419
1987,12150
1986,11314
1985,11003
1984,10683
1983,10108
1982,8777
1981,8103
1980,7613
1979,7026
1978,6419
1977,6359
1976,6951
1975,6865
1974,3434
1973,3210
1972,2578
1971,2527
1970,2454
1969,2206
1968,1645
1967,1379
1966,1302
1965,1783
1964,3073
1963,1918
1962,601
1961,572
1960,440
1959,499
1958,497
1957,497
1956,524
1955,445
1954,463
1953,557
1952,689
1951,658
1950,370
1949,132
1948,186
1947,191
1946,140
1945,210
1944,107
1943,71
1942,96
1941,112
1940,105
1939,107
1938,101
1937,113
1936,139
1935,199
1934,185
1933,196
1932,228
1931,191
1930,183
1929,196
1928,185
1927,167
1926,180
1925,117
1924,121
1923,115
1922,95
1921,89
1920,79
1919,111
1918,85
1917,108
1916,99
1915,106
1914,132
1913,139
1912,98
1911,109
1910,148
1909,111
1908,85
1907,114
1906,118
1905,107
1904,111
1903,97
1902,108
1901,135
1900,106
1899,81
1898,63
1897,29
1896,33
1895,31
1894,27
1893,42
1892,20
1891,8
1890,27
1889,35
1888,20
1887,19
1886,22
1885,10
1884,18
1883,24
1882,29
1881,35
1880,24
1879,19
1878,25
1877,31
1876,30
1875,17
1874,9
1873,6
1872,10
1871,10
1870,8
1869,6
1868,2
1867,4
1866,6
1865,3
1864,6
1863,4
1862,3
1861,7
1860,2
1859,3
1858,6
1857,7
1856,3
1855,4
1854,2
1853,2
1852,2
1851,2
1850,2
1849,5
1848,7
1847,9
1846,7
1845,7
1844,3
1843,3
1842,20
1841,10
1840,4
1838,3
1837,5
1836,3
1835,5
1834,6
1833,5
1832,3
1831,8
1830,10
1829,5
1828,6
1827,5
1826,14
1825,1
1824,5
1823,2
1822,5
1821,1
1820,1
1819,1
1818,1
1817,3
1816,4
1815,1
1814,9
1813,4
1812,4
1811,6
1810,3
1809,6
1808,5
1807,5
1806,5
1805,5
1804,5
1803,3
1802,2
1801,5
1800,10
1799,1
1797,6
1796,1
1794,8
1793,2
1792,3
1791,2
1788,1
1786,1
1783,1
Search query: Taku Inokuchi
Year,Count
2018,2
2010,3
2009,2
2008,3
2007,4
2006,4
2005,1
2004,2
Search query: Zhao Huang
Year,Count
2022,3
2021,19
2020,20
2019,22
2018,10
2017,7
2016,14
2015,5
2014,2
2013,2
2012,7
2011,1
2010,6
2009,2
2008,3
2006,1
2005,1
2004,1
Search query: Aramati B.M. Reddy
Year,Count
2021,1
2020,1
2019,1
2018,3
2017,3
2016,3
2013,1
2011,5
2010,3
2009,3
2008,2
2007,2
2006,3
2004,2
2003,3
2002,2
Search query: Kumiko Goto
Year,Count
2021,1
2020,4
2019,2
2018,2
2017,1
2016,2
2015,1
2012,1
2010,6
2009,6
2008,2
Search query: Surinder Safaya
Year,Count
2021,1
2019,1
2013,1
2012,2
2009,1
2005,2
Search query: Yanping Yang
Year,Count
2022,4
2021,26
2020,32
2019,28
2018,14
2017,18
2016,15
2015,22
2014,11
2013,14
2012,6
2011,6
2010,9
2009,10
2008,2
2007,2
2006,7
2005,6
2004,1
2003,1
Search query: Ari Kassardjian
Year,Count
2022,1
2021,5
2020,2
2019,4
2018,2
2012,2
2011,2
2010,1
2009,1
2008,1
2007,1
Search query: Hong Yu
Year,Count
2022,45
2021,239
2020,198
2019,185
2018,148
2017,139
2016,128
2015,126
2014,145
2013,112
2012,91
2011,81
2010,75
2009,67
2008,67
2007,65
2006,41
2005,34
2004,33
2003,29
2002,33
2001,2
2000,4
1998,1
1992,1
Search query: Markus Neumeier
Year,Count
2019,2
2018,2
2017,1
2016,1
2015,1
2014,3
2013,3
2012,2
2011,11
2010,12
2009,9
2008,9
2007,5
2006,7
2005,2
Search query: Ping Chen
Year,Count
2022,60
2021,278
2020,243
2019,194
2018,217
2017,205
2016,180
2015,186
2014,200
2013,166
2012,156
2011,116
2010,120
2009,119
2008,90
2007,73
2006,61
2005,37
2004,46
2003,32
2002,23
2001,1
2000,1
1995,1
Search query: Ye Zeng
Year,Count
2022,5
2021,27
2020,24
2019,21
2018,18
2017,15
2016,13
2015,7
2014,5
2013,3
2012,7
2011,3
2010,2
2009,3
2008,1
2007,1
2003,1
2002,1
1999,1
Search query: Yue Wang
Year,Count
2022,159
2021,745
2020,659
2019,487
2018,443
2017,338
2016,310
2015,265
2014,215
2013,169
2012,140
2011,161
2010,121
2009,102
2008,100
2007,69
2006,63
2005,49
2004,33
2003,22
2002,30
2000,2
1998,1
1996,1
Search query: Hong-Xia Wang
Year,Count
2021,7
2020,9
2019,13
2018,13
2017,5
2016,15
2015,16
2014,17
2013,21
2012,11
2011,15
2010,9
2009,8
2008,4
2007,4
2006,7
2005,8
2004,11
2003,3
2002,2
Search query: Muyao Li
Year,Count
2022,1
2020,1
2019,2
2017,3
2014,1
2013,1
2012,1
2011,1
2010,1
2009,1
2008,2
2006,4
2004,1
2003,3
2002,1
Search query: Yong-Duk Park
Year,Count
2019,2
2018,3
2017,3
2016,1
2015,5
2014,5
2013,5
2012,3
2011,6
2010,6
2009,1
2005,1
Search query: Christina Galloway
Year,Count
2018,1
2015,1
2013,1
Search query: Kyoung Sik Park
Year,Count
2022,1
2021,6
2020,3
2019,4
2017,4
2016,3
2015,12
2014,8
2013,4
2012,6
2011,3
2010,5
2009,1
2007,3
2006,1
2004,1
2002,1
Search query: Bin-Bin Ni
Year,Count
2020,2
2015,1
2014,3
Search query: Hui Li
Year,Count
2022,241
2021,1206
2020,1154
2019,942
2018,852
2017,778
2016,678
2015,683
2014,560
2013,476
2012,425
2011,345
2010,286
2009,203
2008,159
2007,160
2006,121
2005,94
2004,95
2003,61
2002,47
2001,1
2000,1
1999,5
1998,4
Search query: Nitai C. Hait
Year,Count
2021,4
2020,1
2019,1
2018,3
2017,5
2016,4
2015,5
2014,6
2013,5
2012,2
2011,1
2010,5
2009,2
2008,2
2007,3
2006,1
2005,3
2004,1
2002,1
Search query: Hulya Karatas
Year,Count
2022,1
2021,5
2020,2
2019,3
2018,7
2017,2
2016,3
2015,2
2014,4
2013,4
2012,1
2011,2
2010,1
2009,4
2008,2
2007,2
2003,1
2002,1
Search query: Hideki Sakahira
Year,Count
2019,1
2016,1
2015,2
2014,2
2013,2
2004,1
2002,2
2001,1
Search query: Timothy A. Chan
Year,Count
2022,4
2021,27
2020,20
2019,24
2018,48
2017,23
2016,21
2015,20
2014,21
2013,16
2012,17
2011,5
2010,2
2009,6
2008,2
2007,2
2006,1
2005,1
2003,1
2002,2
Search query: Morgan E. Carlson
Year,Count
2016,1
2014,3
2012,1
2009,3
2008,2
2007,3
2005,1
Search query: Shidong Jia
Year,Count
2022,1
2021,8
2020,3
2016,4
2015,2
2014,2
2013,2
2012,3
2011,1
2010,1
2009,1
2008,1
2006,1
2004,1
Search query: Michael J. Wheeler
Year,Count
2021,4
2020,3
2019,4
2018,2
2017,2
2016,1
2015,1
2013,5
2010,3
2009,1
2007,3
2006,4
2005,1
2004,1
2002,2
Search query: Corine Bertolotto
Year,Count
2022,1
2021,13
2020,6
2019,5
2018,7
2017,3
2016,5
2015,3
2014,8
2013,7
2012,2
2011,7
2010,4
2009,4
2008,3
2007,4
2006,1
2005,2
2004,1
2003,1
2002,1
Search query: Feng Zhou
Year,Count
2022,40
2021,215
2020,164
2019,139
2018,132
2017,152
2016,111
2015,95
2014,107
2013,112
2012,84
2011,77
2010,40
2009,45
2008,33
2007,34
2006,34
2005,22
2004,23
2003,10
2002,10
1998,1
1993,1
Search query: S Kale
Year,Count
2022,67
2021,433
2020,386
2019,361
2018,338
2017,303
2016,273
2015,269
2014,261
2013,209
2012,202
2011,186
2010,139
2009,148
2008,154
2007,134
2006,126
2005,125
2004,117
2003,111
2002,93
2001,93
2000,90
1999,70
1998,57
1997,63
1996,51
1995,66
1994,44
1993,48
1992,57
1991,39
1990,31
1989,24
1988,18
1987,18
1986,19
1985,22
1984,6
1983,8
1982,9
1981,5
1980,8
1979,3
1978,13
1977,2
1976,2
1975,3
1974,5
1973,2
1972,3
1971,2
1970,2
1969,1
1968,1
1966,2
1965,2
1964,2
1963,1
1962,1
1961,1
1958,3
1957,3
1956,1
1955,1
1953,1
1952,1
1948,2
1946,2
1929,1
Search query: CM Das
Year,Count
2022,41
2021,215
2020,199
2019,147
2018,135
2017,129
2016,135
2015,115
2014,97
2013,74
2012,78
2011,65
2010,67
2009,58
2008,56
2007,35
2006,40
2005,36
2004,22
2003,20
2002,34
2001,25
2000,18
1999,23
1998,29
1997,25
1996,16
1995,18
1994,12
1993,9
1992,14
1991,14
1990,13
1989,5
1988,4
1987,7
1986,4
1985,9
1984,3
1983,2
1982,3
1981,2
1980,5
1979,5
1978,3
1977,5
1976,2
1975,9
1971,1
1969,1
1968,2
Search query: CC Jiang
Year,Count
2022,37
2021,274
2020,230
2019,214
2018,196
2017,189
2016,165
2015,172
2014,148
2013,97
2012,93
2011,79
2010,69
2009,46
2008,36
2007,40
2006,27
2005,20
2004,13
2003,16
2002,8
2001,2
2000,5
1999,9
1997,2
1996,4
1995,3
1993,2
Search query: Z Zhang
Year,Count
2022,415
2021,2323
2020,2026
2019,1750
2018,1429
2017,1208
2016,1158
2015,1175
2014,960
2013,612
2012,527
2011,409
2010,328
2009,346
2008,283
2007,219
2006,193
2005,136
2004,137
2003,103
2002,96
2001,48
2000,61
1999,37
1998,33
1997,21
1996,26
1995,14
1994,20
1993,10
1992,9
1991,8
1990,6
1989,3
1988,5
1987,1
1985,2
1984,2
Search query: T-I Hsu
Year,Count
2021,1
2020,1
2018,4
2016,1
2015,2
2014,1
2010,1
1988,1
1981,1
Search query: Emmanuel Dornier
Year,Count
2018,3
2017,6
2016,1
2012,1
Search query: HIROFUMI YAMAMOTO
Year,Count
2022,3
2021,28
2020,24
2019,18
2018,27
2017,36
2016,34
2015,33
2014,38
2013,28
2012,18
2011,13
2010,18
2009,9
2008,12
2007,14
2006,14
2005,16
2004,11
2003,8
2002,10
Search query: BO LI
Year,Count
2022,137
2021,740
2020,656
2019,623
2018,443
2017,402
2016,420
2015,390
2014,298
2013,263
2012,224
2011,175
2010,147
2009,105
2008,83
2007,85
2006,65
2005,35
2004,33
2003,20
2002,7
2000,1
1999,1
1998,1
1981,2
Search query: EUN YOUNG GIL
Year,Count
2020,1
2019,1
2017,1
2016,1
2014,1
2012,1
Search query: YUKI FUJISE
Year,Count
2018,1
2017,2
2016,3
2015,5
2014,2
2013,3
2012,5
2011,5
2010,1
Search query: CHIACHEN CHEN
Year,Count
2021,3
2020,3
2019,3
2018,1
2017,1
2016,9
2015,6
2014,4
2013,6
2012,1
2011,1
2010,4
2009,1
2008,4
2007,3
2006,4
2005,1
2004,2
2003,1
2002,1
Search query: WEI YANG
Year,Count
2022,96
2021,523
2020,461
2019,425
2018,415
2017,343
2016,265
2015,260
2014,241
2013,240
2012,181
2011,140
2010,135
2009,100
2008,122
2007,89
2006,68
2005,66
2004,41
2003,34
2002,19
2001,4
1998,1
Search query: MICHIYO YAMAMURA
Year,Count
2019,2
2018,1
2017,1
2016,1
2015,3
2013,2
2011,1
Search query: TONI IBRAHIM
Year,Count
2022,2
2021,30
2020,28
2019,9
2018,8
2017,20
2016,13
2015,10
2014,8
2013,13
2012,4
2011,6
2010,3
2009,2
2008,1
2005,2
2002,4
Search query: LI MA
Year,Count
2022,59
2021,342
2020,293
2019,270
2018,213
2017,199
2016,214
2015,193
2014,201
2013,169
2012,133
2011,143
2010,114
2009,103
2008,74
2007,69
2006,56
2005,39
2004,33
2003,22
2002,23
2001,2
2000,2
1998,1
1990,2
1988,1
Search query: Steffen Zender
Year,Count
2022,1
2021,2
2018,1
2017,2
2016,2
2014,2
2013,2
2008,1
2007,1
2003,1
Search query: Luke Martin McCaffrey
Year,Count
2016,1
2012,2
2011,1
2009,2
2005,2
2004,2
2002,1
Search query: Lu Wang
Year,Count
2022,192
2021,822
2020,679
2019,509
2018,435
2017,386
2016,327
2015,305
2014,279
2013,241
2012,180
2011,128
2010,107
2009,78
2008,78
2007,51
2006,42
2005,28
2004,26
2003,22
2002,20
2000,2
1997,1
Search query: Corentin Herbert
Year,Count
2018,1
2017,1
2016,1
2014,4
2013,4
2010,1
2007,2
2005,1
2004,3
2002,1
Search query: Janice D. Thomas
Year,Count
2016,1
2014,1
2011,1
2009,2
2005,1
Search query: King Ching Ho
Year,Count
2016,1
2015,1
2014,2
2013,1
2011,2
Search query: Nathalie Delgehyr
Year,Count
2020,2
2018,1
2015,1
2014,2
2012,3
2010,1
2008,1
2005,1
Search query: Rajesh K. Grover
Year,Count
2019,4
2018,2
2017,3
2016,1
2015,5
2014,7
2012,2
2011,5
2010,1
2009,3
2007,1
2005,2
2004,1
2003,1
Search query: Kevin Y. Lee
Year,Count
2021,1
2020,2
2019,6
2018,4
2017,4
2016,1
2015,3
2014,5
2013,7
2012,3
2011,4
2010,6
2009,2
2007,3
2006,1
2005,2
2004,1
Search query: Shuyu Ren
Year,Count
2021,3
2020,2
2019,1
2017,2
2016,1
2015,4
2014,3
2013,6
2012,3
2011,1
2010,1
2009,1
2008,2
2007,1
2006,2
2005,1
2004,3
2003,2
2002,2
Search query: Zhongyuan Wang
Year,Count
2022,4
2021,20
2020,17
2019,14
2018,13
2017,6
2016,3
2015,6
2014,9
2013,12
2012,9
2011,5
2010,5
2009,3
2008,2
2007,1
2004,1
2002,2
Search query: Inka Regine Weingaertner
Year,Count
2016,1
2015,1
2013,1
